time_bkjd,pdcsap_flux,pdcsap_flux_err,sap_quality
131.51301297,39508.44140625,7.14820433,0
131.53344756,39500.65234375,7.14885187,0
131.55388205,39507.13671875,7.14785480,0
131.57431644,39497.71875000,7.14889812,0
131.59475093,39515.39062500,7.15233803,0
131.61518552,39525.12890625,7.14995718,0
131.63561991,39526.51953125,7.15290689,0
131.65605440,39494.39843750,7.15029573,0
131.67648899,39514.19140625,7.15056419,128
131.69692348,39517.67187500,7.15305281,0
131.71735787,39511.48828125,7.15093851,0
131.73779236,39513.06640625,7.15317440,0
131.75822695,39507.86328125,7.15126753,0
131.77866134,39520.48828125,7.15264845,0
131.79909583,39528.05078125,7.15157795,0
131.81953042,39518.32812500,7.14996958,0
131.83996480,39518.67187500,7.15298510,0
131.86039929,39510.44140625,7.15217495,0
131.88083378,39519.03906250,7.15393162,0
131.90126827,39515.96875000,7.15235186,0
131.92170276,39516.35156250,7.15304184,0
131.94213725,39508.37109375,7.15405703,0
131.96257173,39514.57812500,7.15262604,0
131.98300622,39532.32812500,7.15462780,0
132.00344071,39519.83593750,7.15463114,0
132.02387510,39516.03906250,7.15238047,0
132.04430968,39518.30468750,7.15577984,0
132.06474417,39520.42187500,7.15207005,0
132.08517856,39525.44531250,7.15553045,0
132.10561304,39523.01171875,7.15540028,0
132.12604763,39510.64843750,7.15257597,0
132.14648202,39526.00781250,7.15660000,0
132.16691650,39533.22656250,7.15476561,0
132.18735109,39533.99609375,7.15491295,0
132.20778558,39526.89453125,7.15420723,0
132.22821996,39536.93750000,7.15617466,0
132.24865445,39540.20312500,7.15635920,0
132.26908903,39523.83984375,7.15386534,0
132.28952342,39531.53125000,7.15509033,0
132.30995790,39526.57421875,7.15359163,0
132.33039249,39535.59375000,7.15544033,0
132.35082687,39530.35156250,7.15543556,0
132.37126136,39528.18359375,7.15532207,0
132.39169584,39529.14843750,7.15641689,0
132.41213033,39541.57812500,7.15555954,0
132.43256481,39529.67578125,7.15634155,0
132.45299930,39537.89843750,7.15639877,0
132.47343388,39544.60546875,7.15645647,0
132.49386827,39546.98828125,7.15716410,0
132.51430275,39531.52343750,7.15544128,0
132.53473713,39540.58203125,7.15751648,0
132.55517172,39546.32812500,7.15695095,0
132.57560620,39533.50781250,7.15674877,0
132.59604058,39543.88671875,7.15726519,0
132.61647517,39536.03125000,7.15576601,0
132.63690965,39557.57812500,7.15768290,0
132.65734413,39545.02734375,7.15795374,0
132.67777851,39532.05468750,7.15706301,8192
132.69821310,39542.47265625,7.15716505,0
132.71864758,39541.82812500,7.15688086,0
132.73908196,39547.89062500,7.15652561,0
132.75951654,39550.51953125,7.15482187,0
132.77995103,39558.43750000,7.15792561,0
132.80038541,39551.74218750,7.15794468,0
132.82081989,39554.53125000,7.15761232,0
132.84125447,39562.89453125,7.15967464,0
132.86168885,39550.09765625,7.15683985,0
132.88212333,39566.19921875,7.15865993,0
132.90255791,39556.73437500,7.15736675,0
132.92299230,39563.08593750,7.15905476,0
132.94342678,39575.56250000,7.15899229,0
132.96386126,39573.71875000,7.16151905,0
132.98429584,39564.24218750,7.15907431,0
133.00473022,39571.68359375,7.15833235,0
133.02516470,39568.19140625,7.15929890,0
133.04559918,39563.29687500,7.15942907,0
133.06603366,39574.86328125,7.15867424,0
133.08646814,39561.69531250,7.15924311,0
133.10690262,39566.05468750,7.15912199,0
133.12733710,39567.42578125,7.15790653,128
133.14777158,39577.70312500,7.15945578,0
133.16820605,39577.35156250,7.16125965,0
133.18864053,39575.90625000,7.16019440,0
133.20907511,39575.96093750,7.15833712,0
133.22950949,39577.16796875,7.15954590,128
133.24994397,39591.98828125,7.15938044,0
133.27037845,39574.54687500,7.15717983,0
133.29081293,39573.05078125,7.15731430,0
133.31124740,39585.57812500,7.15974474,0
133.33168178,39593.58984375,7.16204071,0
133.35211636,39581.26953125,7.15981627,0
133.37255084,39588.19531250,7.15983438,0
133.39298531,39588.03515625,7.15953827,0
133.41341979,39573.62890625,7.15944195,0
133.43385427,39586.48437500,7.15955782,0
133.45428875,39589.08203125,7.16006899,0
133.47472312,39585.21093750,7.15852642,0
133.49515770,39609.22265625,7.15839195,0
133.51559218,39598.03515625,7.16109848,0
133.53602655,39592.51953125,7.16045666,0
133.55646113,39595.81640625,7.16042519,0
133.57689560,39602.91015625,7.16113091,0
133.59732998,39609.17968750,7.15872240,0
133.61776446,39600.32812500,7.16192913,0
133.63819903,39611.33593750,7.16123152,0
133.65863351,39612.29296875,7.16257906,0
133.67906788,39603.66796875,7.16245985,0
133.69950246,39607.58984375,7.15993547,0
133.71993693,39595.68750000,7.16248989,0
133.74037131,39609.71875000,7.16070843,0
133.76080578,39606.21093750,7.16249323,0
133.78124036,39599.98828125,7.15989113,0
133.80167473,39613.73437500,7.16270781,0
133.82210921,39611.20312500,7.16273451,0
133.84254368,39607.37890625,7.16179371,0
133.86297815,39611.06250000,7.16303492,0
133.88341263,39610.01171875,7.16135025,0
133.90384710,39607.29296875,7.16346931,0
133.92428157,39616.26562500,7.16391373,0
133.94471605,39627.94140625,7.16369534,0
133.96515052,39614.72265625,7.16158724,0
133.98558489,39616.86328125,7.16134834,0
134.00601947,39625.10546875,7.16465950,0
134.02645394,39606.41406250,7.16116571,0
134.04688831,39613.75781250,7.16230869,0
134.06732288,39621.57421875,7.16373968,0
134.08775736,39610.52343750,7.16235113,0
134.10819173,39631.74609375,7.16492128,0
134.12862620,39623.48828125,7.16226578,0
134.14906077,39628.35546875,7.16434908,0
134.16949524,39627.37890625,7.16281414,0
134.18992961,39617.32421875,7.16419888,0
134.21036419,39624.91406250,7.16448450,0
134.23079866,39624.50781250,7.16384792,0
134.25123303,39634.70312500,7.16364956,0
134.27166750,39624.98437500,7.16160631,0
134.29210207,39614.45703125,7.16334581,0
134.31253644,39615.92578125,7.16244698,0
134.33297091,39604.97656250,7.16229868,0
134.35340548,39614.82421875,7.16342402,0
134.37383985,39640.87890625,7.16476011,0
134.41470879,39630.61718750,7.16508007,0
134.43514326,39629.04296875,7.16485643,0
134.45557773,39663.25781250,7.16769266,0
134.47601220,39630.80859375,7.16425514,0
134.49644677,39622.45703125,7.16595268,0
134.51688114,39633.83984375,7.16558313,0
134.53731561,39617.11718750,7.16285181,0
134.55774997,39639.51171875,7.16449022,0
134.57818454,39649.13281250,7.16366816,0
134.59861901,39623.03125000,7.16342497,0
134.61905338,39635.50781250,7.16521358,0
134.63948785,39630.33203125,7.16537189,0
134.65992241,39653.49609375,7.16653252,128
134.68035688,39630.06250000,7.16456604,0
134.70079135,39639.82812500,7.16685390,0
134.72122582,39639.93750000,7.16698265,0
134.74166028,39633.36718750,7.16642809,0
134.76209465,39629.28906250,7.16622066,0
134.78252912,39635.46484375,7.16550446,0
134.80296369,39630.07421875,7.16462946,0
134.82339815,39627.51562500,7.16634989,0
134.84383252,39634.47265625,7.16511536,0
134.86426708,39659.50781250,7.16799688,0
134.88470155,39626.53515625,7.16543531,0
134.90513602,39636.12109375,7.16721678,0
134.92557038,39632.71484375,7.16683960,0
134.94600495,39634.40234375,7.16737795,128
134.96643941,39637.73437500,7.16615295,0
134.98687378,39631.14843750,7.16634369,0
135.00730834,39635.04687500,7.16714048,0
135.02774281,39640.06640625,7.16786098,128
135.04817717,39633.92968750,7.16758680,0
135.06861164,39627.55078125,7.16747713,0
135.08904620,39643.71093750,7.16777802,0
135.10948057,39620.25390625,7.16692066,0
135.12991503,39635.96875000,7.16622353,0
135.15034960,39624.98437500,7.16474867,0
135.17078406,39632.06250000,7.16616344,0
135.19121842,39619.33984375,7.16641188,0
135.21165289,39628.69140625,7.16741085,0
135.23208745,39657.06640625,7.16806650,128
135.25252181,39615.56250000,7.16642141,0
135.27295628,39623.92578125,7.16652632,0
135.29339064,39614.99218750,7.16577196,0
135.31382520,39622.75000000,7.16621590,8192
135.33425967,39648.80468750,7.16758299,0
135.35469403,39629.55468750,7.16737270,0
135.37512859,39627.59375000,7.16671419,0
135.39556305,39623.86328125,7.16744137,128
135.41599751,39621.64062500,7.16672039,0
135.43643188,39617.08203125,7.16612196,0
135.45686644,39618.26171875,7.16650724,0
135.47730090,39636.17578125,7.16682339,0
135.49773526,39628.67187500,7.16720057,0
135.51816982,39623.14453125,7.16604567,0
135.53860428,39613.78515625,7.16567087,0
135.55903864,39618.95703125,7.16613197,0
135.57947310,39629.74218750,7.16707325,128
135.59990766,39622.68750000,7.16687298,0
135.62034203,39632.54296875,7.16664791,128
135.64077649,39625.35156250,7.16584635,0
135.66121105,39608.28906250,7.16421080,0
135.68164551,39628.07421875,7.16643620,0
135.70207986,39614.54687500,7.16628599,0
135.72251432,39608.49609375,7.16593218,0
135.74294888,39610.75781250,7.16617155,0
135.76338324,39599.37109375,7.16561747,0
135.78381770,39610.18750000,7.16589689,8192
135.80425226,39615.22265625,7.16609287,0
135.82468662,39607.30468750,7.16586971,0
135.84512108,39621.30078125,7.16723061,0
135.86555554,39600.62109375,7.16577625,0
135.88598999,39596.24218750,7.16549730,0
135.90642445,39586.29687500,7.16480732,0
135.92685891,39606.56250000,7.16568470,0
135.94729327,39606.39453125,7.16612101,0
135.96772783,39616.74609375,7.16646957,8192
135.98816228,39611.95312500,7.16598654,0
136.00859664,39614.73437500,7.16666126,0
136.02903120,39601.00000000,7.16571617,0
136.04946566,39600.77343750,7.16612101,0
136.06990001,39604.11718750,7.16579390,0
136.09033447,39603.57421875,7.16602468,0
136.11076902,39604.42187500,7.16614962,0
136.13120348,39606.72656250,7.16600990,0
136.15163784,39598.12500000,7.16584396,0
136.17207239,39591.87109375,7.16536093,0
136.19250685,39589.08203125,7.16344261,0
136.21294120,39573.01953125,7.16365671,0
136.23337566,39437.01953125,7.15729713,0
136.25381022,39376.25000000,7.15369940,0
136.27424457,39373.45312500,7.15385914,0
136.29467903,39361.25000000,7.15315247,0
136.31511358,39361.20312500,7.15306234,0
136.33554794,39370.19921875,7.15374660,0
136.35598239,39362.94140625,7.15327168,0
136.37641684,39418.40234375,7.15539074,0
136.39685130,39549.52734375,7.16315031,0
136.41728575,39587.17187500,7.16510010,0
136.43772021,39595.74609375,7.16522741,0
136.45815476,39600.67578125,7.16602802,0
136.47858911,39593.97656250,7.16575623,0
136.49902357,39596.95703125,7.16569757,0
136.51945802,39591.60156250,7.16551208,0
136.53989247,39591.62109375,7.16542578,0
136.56032693,39601.04687500,7.16595316,0
136.58076138,39597.33593750,7.16540909,0
136.60119583,39585.76171875,7.16519070,0
136.62163028,39575.87109375,7.16471434,0
136.64206473,39590.57812500,7.16549206,0
136.66249919,39579.34375000,7.16474247,0
136.68293364,39570.65625000,7.16441059,0
136.70336809,39596.44921875,7.16536570,0
136.72380254,39582.79296875,7.16490889,0
136.74423689,39595.83203125,7.16569376,0
136.76467144,39587.75781250,7.16479778,0
136.78510590,39587.46875000,7.16483831,0
136.80554025,39584.56250000,7.16511822,0
136.82597480,39588.44921875,7.16523790,0
136.84640925,39594.37890625,7.16530323,0
136.86684370,39587.10546875,7.16525936,0
136.88727805,39590.94531250,7.16518688,0
136.90771260,39575.97656250,7.16452503,0
136.92814705,39578.54687500,7.16531515,128
136.94858140,39572.31250000,7.16416883,0
136.96901595,39575.63671875,7.16459084,0
136.98945040,39581.68359375,7.16502619,0
137.00988475,39568.23046875,7.16442108,0
137.03031919,39569.06640625,7.16404819,0
137.05075374,39586.37500000,7.16503000,8192
137.07118809,39562.16406250,7.16377354,0
137.09162254,39584.23828125,7.16500950,0
137.11205709,39574.22265625,7.16444206,0
137.13249144,39567.59375000,7.16405487,0
137.15292588,39569.41796875,7.16404438,0
137.17336033,39576.14062500,7.16480446,0
137.19379488,39579.28125000,7.16487837,0
137.21422923,39569.67968750,7.16327667,0
137.23466368,39555.77343750,7.16350126,0
137.25509802,39556.27343750,7.16332722,0
137.27553257,39576.78125000,7.16479588,0
137.29596702,39571.60937500,7.16451359,0
137.31640136,39585.83984375,7.16518068,0
137.33683591,39564.21093750,7.16409397,0
137.35727036,39571.46093750,7.16423416,0
137.39813915,39573.42968750,7.16441154,0
137.41857369,39569.01171875,7.16413689,0
137.43900814,39571.71875000,7.16364050,8192
137.45944248,39567.10156250,7.16385651,0
137.47987703,39547.82421875,7.16293955,0
137.50031147,39563.44531250,7.16429520,0
137.52074582,39559.51953125,7.16388893,0
137.54118026,39559.76171875,7.16290760,0
137.56161481,39577.07031250,7.16404486,0
137.58204915,39577.52343750,7.16412449,0
137.60248360,39567.55468750,7.16424990,0
137.62291814,39551.85156250,7.16370630,0
137.64335259,39551.85546875,7.16370392,0
137.66378693,39553.14843750,7.16296291,0
137.68422137,39558.45703125,7.16387463,0
137.70465592,39572.85546875,7.16455460,0
137.72509026,39555.59375000,7.16387367,0
137.74552470,39558.57421875,7.16404343,0
137.76595925,39552.48828125,7.16291952,0
137.78639359,39563.91015625,7.16366243,0
137.80682803,39561.79296875,7.16420555,0
137.82726237,39551.42578125,7.16340017,8192
137.84769692,39559.70312500,7.16351509,0
137.86813136,39563.12109375,7.16409874,0
137.88856580,39561.10156250,7.16414881,0
137.90900014,39562.66015625,7.16382980,0
137.92943468,39563.42968750,7.16388226,0
137.94986912,39556.13281250,7.16332817,0
137.97030347,39561.25781250,7.16595030,0
137.99073801,39574.25390625,7.16431713,0
138.01117245,39557.74609375,7.16311455,8192
138.03160679,39561.42968750,7.16307116,0
138.05204123,39539.59765625,7.16284084,0
138.07247577,39564.43750000,7.16439152,0
138.09291021,39557.12109375,7.16517830,0
138.11334455,39558.75390625,7.16438818,0
138.13377909,39565.03515625,7.16574907,0
138.15421353,39554.16015625,7.16366243,0
138.17464787,39558.01171875,7.16390800,0
138.19508231,39560.82031250,7.16405821,0
138.21551685,39563.20312500,7.16398144,0
138.23595128,39560.84375000,7.16392803,0
138.25638562,39552.26953125,7.16325331,0
138.27682016,39561.36328125,7.16374111,0
138.29725460,39564.66015625,7.16412544,0
138.31768894,39562.85937500,7.16378260,0
138.33812338,39553.61328125,7.16333914,0
138.35855791,39562.39453125,7.16390514,0
138.37899235,39550.56250000,7.16293287,0
138.39942669,39574.56640625,7.16450071,0
138.41986123,39566.29296875,7.16503906,0
138.44029566,39568.32031250,7.16583967,0
138.46073000,39553.40625000,7.16515493,0
138.48116444,39572.42968750,7.16649532,0
138.50159897,39548.33203125,7.16539860,0
138.52203331,39562.05468750,7.16500807,0
138.54246775,39554.44140625,7.16375923,0
138.56290218,39553.96875000,7.16558981,0
138.58333662,39567.26171875,7.16631985,0
138.60377106,39553.57812500,7.16541910,0
138.62420549,39561.56250000,7.16612768,0
138.64463993,39560.95312500,7.16593552,0
138.66507436,39568.87890625,7.16604805,0
138.68550880,39554.49218750,7.16532087,0
138.70594313,39572.69140625,7.16645145,0
138.72637767,39552.44921875,7.16529846,0
138.74681210,39559.02343750,7.16536188,0
138.76724644,39573.70703125,7.16650963,0
138.78768097,39566.19140625,7.16587877,0
138.80811540,39564.50000000,7.16570044,0
138.82854974,39553.44140625,7.16562891,128
138.84898417,39564.18359375,7.16605902,0
138.86941871,39574.60156250,7.16677094,0
138.88985314,39565.98046875,7.16622686,0
138.91028747,39559.75781250,7.16582823,0
138.93072200,39539.23046875,7.16401243,8192
138.95115644,39549.89843750,7.16534710,0
138.97159077,39567.30078125,7.16578341,0
138.99202520,39561.37500000,7.16555452,0
139.01245973,39578.17578125,7.16628218,0
139.03289407,39560.12890625,7.16477013,0
139.05332850,39550.25390625,7.16466618,0
139.07376303,39539.64453125,7.16380644,0
139.09419736,39536.35156250,7.16374588,0
139.11463179,39574.94531250,7.16472340,0
139.13506622,39561.02343750,7.16519547,0
139.15550066,39564.64062500,7.16592693,0
139.17593509,39557.61718750,7.16403008,0
139.19636952,39560.80859375,7.16575623,0
139.21680385,39571.60546875,7.16590881,0
139.23723838,39577.32812500,7.16629362,0
139.25767281,39567.63671875,7.16572094,0
139.27810714,39569.77734375,7.16541004,0
139.29854167,39565.51171875,7.16542149,0
139.31897610,39554.27734375,7.16424942,0
139.33941053,39573.28906250,7.16534662,0
139.35984486,39553.74609375,7.16409922,0
139.38027939,39567.42968750,7.16539717,0
139.40071381,39548.55078125,7.16333151,0
139.42114814,39562.00000000,7.16271734,0
139.44158267,39555.07421875,7.16336155,0
139.46201710,39580.69921875,7.16585922,0
139.48245143,39566.02343750,7.16419649,0
139.50288586,39566.66406250,7.16621590,128
139.52332038,39559.29687500,7.16386318,0
139.54375471,39565.54687500,7.16371632,0
139.56418914,39548.71484375,7.16436243,0
139.58462367,39552.82812500,7.16393566,0
139.60505799,39565.06250000,7.16530275,0
139.62549242,39576.06640625,7.16528416,0
139.64592685,39568.83984375,7.16469336,0
139.66636137,39564.82031250,7.16336298,0
139.68679570,39553.62109375,7.16371965,8192
139.70723013,39563.96875000,7.16449165,0
139.72766455,39551.43750000,7.16305304,0
139.74809898,39562.48828125,7.16413403,0
139.76853340,39558.28906250,7.16411257,0
139.78896783,39571.37109375,7.16526222,0
139.80940226,39559.15234375,7.16423368,0
139.82983668,39555.92968750,7.16123676,0
139.85027111,39557.59765625,7.16315508,0
139.87070553,39575.10937500,7.16163254,0
139.89113995,39566.75390625,7.16203547,0
139.91157438,39571.21875000,7.16205406,0
139.93200880,39567.10156250,7.16289806,0
139.95244333,39557.72656250,7.16070938,0
139.97287765,39565.20312500,7.16185665,0
139.99331207,39584.02343750,7.16374826,8192
140.01374640,39576.66015625,7.16421080,0
140.03418092,39564.67578125,7.16345978,0
140.05461534,39560.34375000,7.16106653,0
140.07504977,39572.17578125,7.16296101,0
140.09548419,39555.25781250,7.15989351,0
140.11591861,39566.57812500,7.16291380,0
140.13635304,39557.17968750,7.16164970,0
140.15678736,39568.41796875,7.16325665,0
140.17722188,39559.34375000,7.16126299,0
140.19765630,39560.86328125,7.16126728,0
140.21809062,39560.11328125,7.16250372,0
140.23852515,39573.89453125,7.16268969,0
140.25895957,39569.93359375,7.16337824,0
140.27939389,39544.83203125,7.16094398,0
140.29982831,39556.62109375,7.16282034,0
140.32026283,39560.57031250,7.16225624,0
140.34069715,39567.40234375,7.16399717,0
140.38156599,39560.41015625,7.16300011,0
140.40200051,39563.44531250,7.16365576,0
140.42243483,39564.80859375,7.16116285,0
140.44286925,39562.06250000,7.16384029,0
140.46330377,39561.74609375,7.16281462,0
140.48373809,39552.65625000,7.16232204,0
140.50417251,39552.98828125,7.16366720,0
140.52460683,39560.57031250,7.16308117,0
140.54504135,39546.98828125,7.16251421,0
140.56547576,39605.20312500,7.16529894,128
140.58591018,39556.53125000,7.16198111,0
140.60634460,39570.32812500,7.16051769,0
140.62677902,39558.92968750,7.15885448,0
140.64721344,39547.11718750,7.16016436,0
140.66764776,39537.75000000,7.16031981,0
140.68808227,39548.37890625,7.16009521,0
140.70851669,39560.01171875,7.16175890,0
140.72895101,39556.36718750,7.16061211,0
140.74938552,39552.34765625,7.16122103,0
140.76981994,39558.64453125,7.15935183,0
140.79025426,39554.85546875,7.15969038,0
140.81068867,39554.42187500,7.15837193,0
140.83112319,39556.04687500,7.15993547,0
140.85155761,39560.09375000,7.16361713,0
140.87199192,39553.04687500,7.16032457,0
140.89242634,39560.16015625,7.16446972,0
140.91286085,39560.66796875,7.16142225,0
140.93329517,39551.57031250,7.16174412,0
140.95372958,39560.27343750,7.16238499,0
140.97416410,39567.16406250,7.16311216,0
140.99459841,39550.63671875,7.16262531,0
141.01503283,39556.68750000,7.16204309,0
141.03546724,39558.18359375,7.16346169,0
141.05590166,39556.17578125,7.16179991,0
141.07633607,39562.83593750,7.16248655,0
141.09677048,39563.39062500,7.15864897,0
141.11720490,39551.76953125,7.16231871,0
141.13763931,39558.30078125,7.16202927,0
141.15807372,39547.64062500,7.16237259,0
141.17850804,39561.95312500,7.16250467,0
141.19894255,39557.71093750,7.16173363,0
141.21937696,39560.93750000,7.16268253,0
141.23981128,39555.03515625,7.16034985,0
141.26024579,39569.05078125,7.16290998,0
141.28068020,39571.71875000,7.16352654,0
141.30111451,39577.43359375,7.16446304,0
141.32154892,39573.75000000,7.16369247,0
141.34198344,39565.65234375,7.16370869,0
141.36241785,39553.79296875,7.16325760,0
141.38285216,39548.65625000,7.16241932,0
141.40328657,39549.59765625,7.16190720,0
141.42372108,39565.62109375,7.16395378,0
141.44415549,39566.35156250,7.16418982,0
141.46458980,39562.43750000,7.16403008,0
141.48502431,39557.94921875,7.16305828,0
141.50545872,39551.29296875,7.16170597,0
141.52589303,39577.57421875,7.16357422,0
141.54632744,39561.35546875,7.16243315,0
141.56676185,39562.89843750,7.16354942,0
141.58719636,39558.45703125,7.16333866,0
141.60763067,39586.08984375,7.16475964,0
141.62806518,39563.51562500,7.16195726,0
141.64849959,39570.99218750,7.16358900,0
141.66893390,39560.79687500,7.16294479,0
141.68936830,39564.74609375,7.16210365,0
141.70980281,39565.31250000,7.16227436,0
141.73023712,39574.17968750,7.16263628,0
141.75067153,39566.05859375,7.16315031,0
141.77110604,39570.28125000,7.16152477,0
141.79154034,39564.60156250,7.16132641,0
141.81197475,39561.28515625,7.16007614,0
141.83240916,39568.97656250,7.16216755,0
141.85284356,39569.00781250,7.16123009,0
141.87327797,39567.67187500,7.16169930,0
141.89371238,39557.14453125,7.16205215,0
141.91414688,39569.91015625,7.16000319,0
141.93458119,39571.53515625,7.16267824,0
141.95501560,39570.93359375,7.16138268,0
141.97544990,39556.12500000,7.16255665,0
141.99588441,39565.69921875,7.16218948,0
142.01631881,39567.59375000,7.16187000,0
142.03675312,39566.01953125,7.16152811,0
142.05718752,39563.05859375,7.15993977,0
142.07762203,39570.08984375,7.16236162,0
142.09805643,39566.57421875,7.16224813,0
142.11849074,39573.54296875,7.16220522,0
142.13892524,39554.96093750,7.15944624,0
142.15935964,39562.98046875,7.16213083,0
142.17979395,39559.75781250,7.15980244,8192
142.20022835,39556.09375000,7.16126919,8192
142.22066286,39567.32031250,7.16152716,0
142.24109716,39563.65234375,7.16194868,0
142.26153156,39557.91015625,7.16164303,0
142.28196606,39565.00000000,7.16298962,0
142.30240037,39558.34765625,7.16111708,0
142.32283477,39554.35156250,7.16174555,0
142.34326917,39578.01953125,7.16147184,0
142.36370367,39568.60937500,7.16074991,0
142.38413798,39557.46484375,7.16131210,0
142.40457238,39560.06250000,7.16051960,0
142.42500688,39567.87890625,7.16119576,128
142.44544118,39576.25390625,7.16265297,0
142.46587558,39572.21875000,7.16090441,0
142.48630988,39569.19921875,7.15972137,0
142.50674438,39549.75000000,7.16008806,0
142.52717878,39567.68359375,7.16161537,0
142.54761319,39570.83203125,7.16090107,0
142.56804749,39558.75000000,7.16005373,0
142.58848199,39566.02343750,7.16150045,0
142.60891639,39568.10546875,7.16069984,0
142.62935069,39574.57812500,7.15965605,0
142.64978518,39577.89062500,7.16109037,0
142.67021958,39558.69921875,7.15918446,0
142.69065388,39568.94921875,7.15845776,8192
142.71108828,39572.84375000,7.15549421,0
142.73152278,39568.78906250,7.15895224,0
142.75195708,39562.93359375,7.15796804,0
142.77239148,39571.03515625,7.15844154,0
142.79282598,39574.68359375,7.15955544,0
142.81326027,39566.23046875,7.15759611,0
142.83369467,39545.00390625,7.15856600,0
142.85412907,39562.19921875,7.15717411,0
142.87456357,39570.37500000,7.15863228,0
142.89499786,39567.21093750,7.15864944,0
142.91543226,39552.94140625,7.15756464,0
142.93586676,39564.54687500,7.15849495,0
142.95630105,39570.98046875,7.16063356,0
142.97673545,39550.89843750,7.15826511,0
142.99716975,39557.49609375,7.15819454,0
143.01760424,39561.34375000,7.15724182,0
143.03803864,39557.17968750,7.15790558,0
143.05847303,39547.71484375,7.15626049,0
143.07890743,39558.41406250,7.15957689,0
143.09934182,39544.87500000,7.15681458,0
143.11977622,39557.55078125,7.15951490,0
143.14021061,39567.40234375,7.15856075,0
143.16064501,39555.88281250,7.15820217,0
143.18107940,39562.35937500,7.15896702,0
143.20151370,39536.92968750,7.15793228,0
143.22194809,39549.71093750,7.15845442,0
143.24238258,39543.18359375,7.15491438,0
143.26281698,39551.49609375,7.15800333,0
143.28325137,39553.96484375,7.15767097,0
143.30368577,39556.03515625,7.15846586,0
143.32412016,39539.36718750,7.15700197,0
143.36498884,39540.14453125,7.15540409,0
143.38542334,39548.61328125,7.15615988,0
143.40585773,39531.07812500,7.15680647,0
143.42629202,39528.43750000,7.15439510,0
143.44672651,39537.68359375,7.15561962,0
143.46716090,39528.03125000,7.15521097,0
143.48759520,39541.08984375,7.15476561,0
143.50802959,39525.27734375,7.15327835,0
143.52846408,39521.13671875,7.15476942,0
143.54889847,39527.35937500,7.15032196,0
143.56933276,39524.12890625,7.15681171,0
143.58976725,39534.45312500,7.15490389,0
143.61020164,39520.92968750,7.15591955,0
143.63063593,39508.23437500,7.15407801,0
143.65107032,39515.96875000,7.15414381,0
143.67150481,39501.49609375,7.15346861,0
143.69193910,39512.47656250,7.15322208,0
143.71237349,39506.81250000,7.15457296,0
143.73280788,39510.61328125,7.15189600,0
143.75324227,39531.26171875,7.15737295,0
143.77367666,39514.08984375,7.15367508,0
143.79411105,39506.69921875,7.15415001,0
143.81454543,39511.64453125,7.15357733,0
143.83497982,39493.72656250,7.15247059,0
143.85541421,39491.16015625,7.15005589,0
143.87584850,39495.53906250,7.15016079,0
143.89628299,39501.18750000,7.14920044,0
143.91671737,39487.12109375,7.15241671,0
143.93715166,39494.67187500,7.15287971,0
143.95758615,39508.36718750,7.15479422,0
143.97802053,39495.38671875,7.15077257,0
143.99845482,39503.68750000,7.15227556,0
144.01888921,39507.17187500,7.15383530,0
144.03932369,39509.68359375,7.15171528,0
144.05975808,39490.03906250,7.15259743,0
144.08019236,39481.08593750,7.15166855,0
144.10062685,39508.83593750,7.15246201,0
144.12106124,39487.62109375,7.15137959,0
144.14149552,39486.36718750,7.15112400,0
144.16192991,39479.03515625,7.15195322,0
144.18236439,39301.01171875,7.14040709,0
144.20279868,39235.98046875,7.13964462,0
144.22323306,39221.16015625,7.13736486,0
144.24366754,39213.19531250,7.13528204,0
144.26410183,39215.94531250,7.13693428,0
144.28453621,39233.85156250,7.14093685,0
144.30497060,39261.05468750,7.13946199,0
144.32540498,39360.10937500,7.14510727,0
144.34583936,39479.35156250,7.14755678,0
144.36627375,39467.94140625,7.14872313,0
144.38670803,39461.54687500,7.15043449,0
144.40714251,39462.94140625,7.15068865,0
144.42757689,39462.55859375,7.15100956,0
144.44801118,39463.99218750,7.15159464,0
144.46844566,39463.57031250,7.15010405,0
144.48888004,39469.57812500,7.15143967,0
144.50931432,39456.28515625,7.15092945,8192
144.52974870,39458.75390625,7.15046787,0
144.55018318,39455.05468750,7.15040255,0
144.57061756,39451.05468750,7.15093803,0
144.59105185,39446.08984375,7.15235329,0
144.61148633,39457.93359375,7.15134811,0
144.63192071,39449.52343750,7.15276241,0
144.65235499,39456.73828125,7.15132046,0
144.67278937,39443.62109375,7.15312624,0
144.69322385,39456.71875000,7.15303373,0
144.71365813,39462.31640625,7.15342903,0
144.73409251,39441.36328125,7.15163088,0
144.75452699,39439.22265625,7.15221214,0
144.77496126,39441.41406250,7.15217876,0
144.79539564,39433.82812500,7.15256691,0
144.81583002,39423.30468750,7.15173721,0
144.83626450,39445.14453125,7.15256071,0
144.85669878,39444.37500000,7.15127802,0
144.87713316,39437.37890625,7.15294027,0
144.89756753,39443.74609375,7.15349436,0
144.91800191,39424.46093750,7.15089750,0
144.93843629,39420.62500000,7.15172005,0
144.95887067,39427.76171875,7.14959335,0
144.97930514,39439.91406250,7.14940262,0
144.99973942,39432.36328125,7.14862156,0
145.02017380,39426.88281250,7.14888525,0
145.04060817,39418.86718750,7.14981413,0
145.06104255,39415.53515625,7.15012312,0
145.08147693,39418.36718750,7.14811230,0
145.10191130,39411.26562500,7.14942217,0
145.12234578,39424.03125000,7.14930677,0
145.14278005,39424.17187500,7.15117884,0
145.16321443,39425.41796875,7.14979267,8192
145.18364870,39416.39062500,7.14935064,0
145.20408318,39396.26171875,7.14729929,0
145.22451755,39412.14453125,7.14884377,0
145.24495183,39402.42578125,7.14810276,0
145.26538630,39403.94140625,7.14735746,0
145.28582067,39400.66015625,7.14913893,0
145.30625505,39390.94140625,7.14884090,0
145.32668932,39395.18750000,7.14860868,0
145.34712380,39394.95703125,7.14555883,0
145.36755817,39396.64843750,7.14780474,0
145.38799244,39402.20312500,7.14817286,0
145.40842691,39403.80468750,7.15062284,0
145.42886129,39398.52734375,7.14831114,0
145.44929556,39390.25781250,7.14931583,0
145.46972993,39384.00000000,7.14766836,0
145.49016440,39371.73437500,7.14805555,0
145.51059868,39377.19921875,7.14661360,0
145.53103305,39386.05078125,7.14845181,0
145.55146742,39380.14062500,7.14627886,0
145.57190189,39404.24609375,7.14840937,0
145.59233616,39367.69531250,7.14529085,0
145.61277053,39371.92578125,7.14382935,0
145.63320500,39382.96875000,7.14669895,0
145.65363927,39382.08984375,7.14497423,0
145.67407364,39378.23828125,7.14364958,8192
145.69450791,39382.94140625,7.14628935,0
145.71494238,39388.26953125,7.14607906,0
145.73537675,39379.03906250,7.14408922,0
145.75581112,39372.72656250,7.14522886,0
145.77624549,39383.84375000,7.14601469,0
145.79667986,39367.09765625,7.14612198,0
145.81711423,39367.19921875,7.14587402,0
145.83754850,39373.44140625,7.14593792,0
145.85798296,39382.61718750,7.14551067,0
145.87841733,39383.34765625,7.14770842,0
145.89885160,39382.64062500,7.14753962,0
145.91928607,39377.35156250,7.14672852,0
145.93972044,39371.71875000,7.14647293,0
145.96015470,39371.54687500,7.14677334,0
145.98058907,39374.97265625,7.14683914,0
146.00102354,39378.90625000,7.14347553,0
146.02145790,39377.33203125,7.14586544,0
146.04189217,39376.67187500,7.14573908,0
146.06232664,39370.39453125,7.14619207,0
146.08276100,39375.01562500,7.14640951,0
146.10319527,39365.05468750,7.14511871,8192
146.12362963,39379.44921875,7.14649105,0
146.14406410,39378.01562500,7.14568663,0
146.16449836,39370.86718750,7.14492893,0
146.18493273,39378.21484375,7.14499855,0
146.20536709,39378.89062500,7.14498186,8192
146.22580146,39370.19140625,7.14342070,0
146.24623582,39379.16015625,7.13989401,0
146.26667019,39378.72265625,7.14699125,0
146.28710455,39388.82421875,7.14581347,0
146.30753891,39367.48828125,7.14719391,0
146.34840754,39377.86718750,7.14158249,0
146.36884200,39371.90625000,7.14344692,0
146.38927637,39387.16015625,7.14946270,0
146.40971063,39381.64453125,7.14099360,0
146.43014509,39371.14843750,7.14270926,0
146.45057945,39381.51171875,7.14259243,0
146.47101372,39379.39843750,7.14144182,0
146.49144818,39388.49218750,7.14347267,0
146.51188254,39379.75781250,7.14470720,0
146.53231690,39381.54687500,7.14585447,8192
146.55275116,39395.07812500,7.14493752,0
146.57318562,39380.50781250,7.14480782,0
146.59361998,39388.76953125,7.14298058,0
146.61405435,39378.35937500,7.14148664,0
146.63448861,39378.75390625,7.14060593,0
146.65492307,39390.76953125,7.14317036,0
146.67535743,39388.43750000,7.14341831,0
146.69579169,39389.80468750,7.14134741,0
146.71622615,39374.58203125,7.13988113,0
146.73666051,39382.35937500,7.14205217,128
146.75709486,39365.57421875,7.13981104,0
146.77752912,39381.24609375,7.14172220,0
146.79796358,39389.77343750,7.13964748,0
146.81839794,39377.23437500,7.14388227,0
146.83883220,39372.57812500,7.14057589,0
146.85926656,39389.14843750,7.14214373,0
146.87970101,39399.44531250,7.14303637,0
146.90013527,39388.59375000,7.14090776,0
146.92056963,39392.11718750,7.14165211,0
146.94100409,39399.00000000,7.14371061,0
146.96143834,39406.81640625,7.14081430,0
146.98187270,39411.49218750,7.14462328,0
147.00230706,39393.64062500,7.14414597,0
147.02274141,39402.43359375,7.14365196,0
147.04317577,39394.91406250,7.14216137,0
147.06361013,39411.53515625,7.14124203,0
147.08404458,39411.34765625,7.14149046,0
147.10447884,39421.10546875,7.14338303,8192
147.12491319,39412.46484375,7.14320660,0
147.14534745,39416.93359375,7.14372015,0
147.16578190,39415.93359375,7.14524317,0
147.18621626,39425.80859375,7.14380836,0
147.20665051,39418.36328125,7.14320135,128
147.22708497,39433.61718750,7.14373922,0
147.24751932,39424.93750000,7.14313412,0
147.26795368,39429.47656250,7.14442444,0
147.28838793,39421.57031250,7.14489698,0
147.30882238,39429.93750000,7.14406967,0
147.32925674,39437.77343750,7.14535999,0
147.34969099,39447.82031250,7.14492416,0
147.37012534,39437.69531250,7.14435768,0
147.39055979,39447.63671875,7.14473248,0
147.41099405,39446.69921875,7.14678049,128
147.43142840,39450.05078125,7.14381266,0
147.45186285,39449.28515625,7.14530039,0
147.47229710,39449.62500000,7.14583015,0
147.49273146,39444.65234375,7.14451361,0
147.51316581,39451.88671875,7.14419842,0
147.53360026,39484.86718750,7.14433813,0
147.55403451,39441.37890625,7.14378071,0
147.57446886,39455.44921875,7.14562130,0
147.59490331,39466.62500000,7.14533949,0
147.61533756,39456.42968750,7.14671326,0
147.63577191,39464.09375000,7.14631033,0
147.65620616,39475.19921875,7.14834213,0
147.67664061,39456.35156250,7.14559221,0
147.69707496,39473.87500000,7.14619017,0
147.71750921,39477.64062500,7.14591312,0
147.73794366,39468.67187500,7.14634562,0
147.75837801,39457.05468750,7.14273691,0
147.77881236,39477.23046875,7.14539337,0
147.79924660,39469.67187500,7.14699507,0
147.81968105,39482.12109375,7.14627600,0
147.84011540,39491.33984375,7.14757061,0
147.86054965,39486.79687500,7.14680099,0
147.88098400,39492.19140625,7.14553452,0
147.92185269,39489.56250000,7.14659309,0
147.94228704,39496.78125000,7.14642096,0
147.96272148,39494.51562500,7.14622068,0
147.98315573,39497.28515625,7.14839649,0
148.00359008,39502.43359375,7.14638376,0
148.02402442,39502.89062500,7.14764595,0
148.04445887,39519.09765625,7.14935827,0
148.06489311,39504.21484375,7.14811897,0
148.08532746,39514.03125000,7.14861679,0
148.10576191,39523.97265625,7.14902306,0
148.12619615,39515.86718750,7.14885187,0
148.14663050,39524.54296875,7.15068054,0
148.16706484,39507.09375000,7.15000296,0
148.18749918,39524.03906250,7.14965773,0
148.20793353,39520.89453125,7.14976501,0
148.22836787,39532.73437500,7.14917946,0
148.24880232,39534.91406250,7.15083408,0
148.26923656,39532.34375000,7.14963627,0
148.28967090,39543.70312500,7.15013838,0
148.31010525,39528.72265625,7.14904213,8192
148.33053959,39542.66406250,7.15013170,0
148.35097393,39541.72656250,7.14899063,0
148.37140827,39550.58203125,7.15156507,0
148.39184252,39545.39453125,7.14956617,0
148.41227696,39552.44921875,7.15061092,0
148.43271130,39558.47656250,7.15092278,128
148.45314564,39566.69140625,7.15193462,128
148.47357998,39549.38671875,7.14884758,0
148.49401432,39563.98437500,7.15088558,0
148.51444866,39552.92968750,7.14971399,8192
148.53488291,39554.85156250,7.14865828,0
148.55531735,39567.98437500,7.15191984,128
148.57575169,39555.61328125,7.15205669,0
148.59618593,39553.12109375,7.15022087,0
148.61662037,39561.98437500,7.15045977,0
148.63705471,39555.34375000,7.15097237,0
148.65748895,39574.46093750,7.15130663,0
148.67792328,39558.55859375,7.15033388,0
148.69835772,39563.75000000,7.15000200,0
148.71879196,39590.61718750,7.15193844,0
148.73922630,39592.00781250,7.15244246,0
148.75966074,39577.36328125,7.15125799,8192
148.78009508,39583.69531250,7.15098429,0
148.80052932,39574.50000000,7.15139627,0
148.82096365,39615.35546875,7.15503216,128
148.84139809,39567.06250000,7.15204716,0
148.86183233,39582.18359375,7.15172577,0
148.88226667,39579.94531250,7.15033388,0
148.90270110,39589.85937500,7.15175200,0
148.92313534,39603.69531250,7.15281868,0
148.94356967,39590.00000000,7.15210915,0
148.96400401,39591.89453125,7.15224123,8192
148.98443835,39594.21875000,7.15191603,0
149.00487268,39597.66015625,7.15042591,0
149.02530702,39590.82812500,7.15175343,0
149.04574125,39599.64843750,7.15276098,0
149.06617569,39593.78906250,7.14973164,0
149.08661002,39593.69531250,7.15157366,8192
149.10704426,39591.94921875,7.14960146,0
149.12747869,39594.82421875,7.15054607,0
149.14791303,39610.37890625,7.15468597,0
149.16834726,39616.75781250,7.15440893,0
149.18878159,39620.10156250,7.15302086,0
149.20921603,39610.26562500,7.15117598,0
149.22965036,39613.87890625,7.15318298,0
149.25008460,39605.61718750,7.15107346,0
149.27051903,39610.99218750,7.15087557,0
149.29095336,39609.34765625,7.15157127,0
149.33182193,39618.31640625,7.15117407,0
149.35225636,39614.67578125,7.15097094,0
149.37269059,39628.00000000,7.15452242,0
149.39312492,39613.57031250,7.15275240,0
149.41355935,39625.83203125,7.15262508,0
149.43399358,39623.77734375,7.15130997,0
149.45442791,39620.98437500,7.15140820,0
149.47486225,39627.28125000,7.15191889,0
149.49529658,39614.46875000,7.15239239,0
149.51573091,39623.80859375,7.15451717,0
149.53616524,39626.20312500,7.15501928,0
149.55659967,39617.13281250,7.15039778,0
149.57703390,39636.66015625,7.15201092,0
149.59746822,39623.23828125,7.15081406,0
149.61790245,39626.78125000,7.15126467,0
149.63833688,39625.98437500,7.15204906,0
149.65877121,39628.67187500,7.15323925,0
149.67920544,39636.67578125,7.15293741,0
149.69963977,39645.09375000,7.15155602,0
149.72007420,39645.48828125,7.15217304,0
149.74050852,39634.49218750,7.15109873,0
149.76094275,39640.81640625,7.15201473,0
149.78137718,39643.43750000,7.15267181,0
149.80181151,39644.59375000,7.15367174,0
149.82224573,39653.73437500,7.15266752,8192
149.84268006,39645.52734375,7.15243292,0
149.86311449,39646.19531250,7.15211439,0
149.88354881,39632.60937500,7.15134764,0
149.90398304,39653.32421875,7.15211535,0
149.92441747,39639.19531250,7.15270615,0
149.94485179,39656.79687500,7.15447187,0
149.96528612,39663.03515625,7.15295553,0
149.98572034,39670.46875000,7.15347862,0
150.00615477,39656.01171875,7.15171719,0
150.02658909,39668.99218750,7.15279198,0
150.04702332,39649.28515625,7.15200424,0
150.06745774,39658.55078125,7.15391159,0
150.08789206,39663.71875000,7.15369034,0
150.10832629,39663.51171875,7.15351295,0
150.12876061,39672.64453125,7.15169144,0
150.14919504,39663.39453125,7.15229321,0
150.16962926,39661.97656250,7.15232468,0
150.19006358,39666.37890625,7.15267658,0
150.21049801,39662.10546875,7.15330505,0
150.23093223,39659.48046875,7.15379858,0
150.25136655,39649.86328125,7.15264463,0
150.27180087,39674.76171875,7.15237093,0
150.29223529,39670.44921875,7.15267897,0
150.31266952,39665.49609375,7.15185356,0
150.33310384,39667.52343750,7.15045595,0
150.35353806,39673.90234375,7.15295744,0
150.37397248,39672.30078125,7.15196753,0
150.39440680,39672.28125000,7.15316629,0
150.41484102,39671.14062500,7.15047646,0
150.43527544,39666.50000000,7.15122032,0
150.45570976,39665.98046875,7.15172338,0
150.47614408,39670.67187500,7.15195227,0
150.49657830,39678.44531250,7.15262079,0
150.51701272,39677.65625000,7.15261221,128
150.53744704,39664.60546875,7.15345478,8192
150.55788126,39698.88671875,7.15319920,0
150.57831568,39672.98046875,7.15134668,0
150.59875000,39678.37109375,7.15191793,0
150.61918421,39677.07421875,7.15271854,0
150.63961853,39673.62500000,7.15246725,0
150.66005295,39671.63281250,7.15174532,0
150.68048717,39680.93359375,7.15411329,0
150.70092149,39668.42968750,7.15314293,0
150.72135590,39675.55078125,7.15207291,0
150.74179022,39681.69921875,7.15253592,0
150.76222444,39672.06640625,7.15191889,8192
150.78265875,39712.67578125,7.15451479,0
150.80309317,39686.24218750,7.15164709,0
150.82352739,39670.78906250,7.15351439,0
150.84396170,39674.17968750,7.15397978,0
150.86439612,39690.31640625,7.15421534,0
150.88483033,39679.20312500,7.15317774,0
150.90526465,39669.77343750,7.15169716,0
150.92569896,39674.02734375,7.15213251,0
150.94613328,39675.25781250,7.15196753,0
150.96656759,39673.85156250,7.15198565,0
150.98700191,39669.94921875,7.15273476,8192
151.00743612,39679.87109375,7.15320301,0
151.02787053,39666.61718750,7.15163183,0
151.04830485,39681.73437500,7.15248823,0
151.06873906,39680.08203125,7.15308571,0
151.08917347,39673.89453125,7.15302944,0
151.10960779,39672.10156250,7.15383816,0
151.13004200,39667.12500000,7.15270758,0
151.15047631,39693.52734375,7.15466833,0
151.17091072,39663.62109375,7.15255547,0
151.19134494,39665.98828125,7.15167570,0
151.21177925,39667.90234375,7.15185499,0
151.23221366,39670.89453125,7.15417147,0
151.25264797,39671.37500000,7.15392447,0
151.27308218,39664.21875000,7.15281487,0
151.29351649,39666.00781250,7.15362024,0
151.31395090,39659.17578125,7.15209675,0
151.33438512,39659.91406250,7.15307760,0
151.35481943,39660.94531250,7.15276623,0
151.37525384,39663.89062500,7.15277386,0
151.39568805,39656.90625000,7.15175676,0
151.41612235,39656.01953125,7.15185165,0
151.43655666,39647.61718750,7.15116787,0
151.45699097,39644.87500000,7.15200090,0
151.47742528,39656.12500000,7.15254831,0
151.49785959,39644.12890625,7.15203619,0
151.51829390,39655.51171875,7.15108824,0
151.53872821,39649.92578125,7.15137339,0
151.55916252,39664.12890625,7.15047407,0
151.57959682,39656.21484375,7.15127516,0
151.60003123,39654.91796875,7.14922953,0
151.62046544,39639.37890625,7.15085840,0
151.64089975,39644.66015625,7.15096140,0
151.68176836,39632.23828125,7.15030098,0
151.70220267,39648.75390625,7.15235186,0
151.72263697,39639.98828125,7.15024996,0
151.74307128,39642.33984375,7.15167713,0
151.76350558,39630.19921875,7.14989138,0
151.78393989,39631.44531250,7.15106106,0
151.80437409,39628.03906250,7.14937019,0
151.82480850,39633.71484375,7.15135622,0
151.84524280,39637.57421875,7.15102673,0
151.86567701,39622.93359375,7.14967966,0
151.88611141,39633.17968750,7.14892149,0
151.90654572,39637.70312500,7.14961481,0
151.92697992,39634.07031250,7.14680195,0
151.94741422,39630.96484375,7.14914274,0
151.96784863,39630.93750000,7.14828539,0
151.98828293,39606.87109375,7.14705038,0
152.00871713,39629.85937500,7.14953661,0
152.02915154,39620.18359375,7.14720154,0
152.04958584,39627.15234375,7.14928913,0
152.07002004,39609.98437500,7.14878464,0
152.09045434,39616.75781250,7.14790297,0
152.11088875,39639.14062500,7.14981031,0
152.13132295,39620.09765625,7.15004683,0
152.15175725,39639.94921875,7.15099430,0
152.17219155,39625.13671875,7.14902163,0
152.19262585,39618.08984375,7.15075636,0
152.21306015,39595.75390625,7.14668941,0
152.23349445,39599.17578125,7.14550734,0
152.25392885,39621.18750000,7.14936924,0
152.27436305,39607.80468750,7.14814663,0
152.31523155,39603.28125000,7.14930773,0
152.33566595,39612.65234375,7.14888430,0
152.35610025,39600.71875000,7.14578295,0
152.37653445,39601.29296875,7.14672375,0
152.39696885,39591.28906250,7.14434719,0
152.41740315,39607.18750000,7.14741468,0
152.43783744,39601.12500000,7.14888191,0
152.45827164,39597.07812500,7.14678574,0
152.47870604,39603.16796875,7.14384222,0
152.49914034,39605.97656250,7.14687109,0
152.51957453,39581.15625000,7.14241886,0
152.54000893,39577.46484375,7.14422941,0
152.56044323,39596.98828125,7.14638233,0
152.58087742,39587.71484375,7.14659691,8192
152.60131172,39591.34765625,7.14609861,0
152.62174612,39596.07031250,7.14496040,0
152.64218031,39593.90234375,7.14358091,128
152.68304890,39582.20312500,7.14379597,0
152.70348320,39579.31640625,7.14314890,0
152.72391749,39582.18750000,7.14107704,16
152.74435179,39573.98828125,7.13783026,8208
152.76478618,39587.02343750,7.13996553,144
152.78522038,39586.96484375,7.14118719,16
152.80565467,39582.85937500,7.14040899,16
152.82608886,39575.64843750,7.13850260,16
152.84652326,39587.21875000,7.14244032,144
152.86695755,39580.40234375,7.14508772,0
152.88739175,39585.92968750,7.14167070,0
152.90782614,39578.74609375,7.14326715,0
152.92826043,39580.16015625,7.14317894,16
152.94869472,39576.67578125,7.14204121,16
152.96912891,39578.78906250,7.14278221,16
152.98956331,39576.17578125,7.14171267,16
153.00999760,39578.33593750,7.14124107,16
153.03043179,39577.85937500,7.14062977,8208
153.05086618,39557.28906250,7.14158916,16
153.07130047,39570.28125000,7.13952589,16
153.09173466,39570.41015625,7.14115810,16
153.11216895,39573.60937500,7.14271784,16
153.13260334,39571.74609375,7.14418077,0
153.15303753,39581.07421875,7.14069843,0
153.17347182,39572.39062500,7.13905382,0
153.19390611,39571.82031250,7.14242220,0
153.21434050,39568.30078125,7.14082956,0
153.23477479,39570.75390625,7.14372826,0
153.25520898,39567.63281250,7.14092207,0
153.27564337,39560.91796875,7.13953400,0
153.29607766,39569.91796875,7.14087820,0
153.31651185,39565.44140625,7.13988876,0
153.33694613,39560.58593750,7.13894033,8192
153.35738042,39554.84765625,7.14017582,0
153.37781471,39544.70703125,7.14232206,0
153.39824900,39569.60937500,7.14416409,0
153.41868338,39548.40234375,7.14080000,0
153.43911767,39561.55078125,7.14084005,0
153.45955186,39554.55078125,7.13652039,0
153.47998614,39558.69921875,7.13876581,0
153.50042053,39562.92578125,7.14085484,0
153.52085472,39548.58593750,7.14170837,0
153.54128900,39545.74218750,7.13778973,0
153.56172339,39556.97656250,7.14025736,0
153.58215757,39556.11328125,7.13686466,0
153.60259186,39561.16406250,7.14064264,0
153.62302614,39562.66015625,7.14092255,0
153.64346043,39554.29296875,7.14171410,0
153.66389471,39573.86328125,7.14501858,0
153.68432899,39553.12500000,7.14134550,0
153.70476318,39549.66796875,7.14213753,0
153.72519756,39543.41406250,7.14126682,0
153.74563184,39571.98437500,7.14169931,0
153.76606603,39547.67968750,7.14381218,0
153.78650041,39550.51562500,7.14232874,0
153.80693469,39543.17968750,7.14292955,0
153.82736888,39553.10546875,7.14446497,0
153.84780316,39564.67968750,7.14270115,0
153.86823754,39559.28125000,7.14196396,0
153.88867172,39550.08593750,7.14146805,0
153.90910600,39545.56640625,7.14143276,0
153.92954038,39553.35156250,7.14194679,0
153.94997466,39560.25000000,7.14480639,0
153.97040885,39561.83984375,7.14411497,0
153.99084313,39553.03515625,7.14338112,0
154.01127751,39561.23437500,7.14367628,0
154.03171169,39556.39843750,7.14203691,0
154.05214597,39563.55859375,7.14463472,0
154.07258035,39560.80078125,7.14373732,0
154.09301452,39550.48828125,7.14460468,0
154.11344880,39569.03125000,7.14762831,0
154.13388308,39555.88671875,7.14520359,0
154.15431736,39557.22265625,7.14471769,0
154.17475164,39545.57421875,7.14344692,0
154.19518592,39542.75000000,7.14353752,0
154.21562020,39555.96875000,7.14535141,0
154.23605447,39562.07031250,7.14597559,0
154.25648875,39551.79687500,7.14534235,0
154.27692293,39570.14062500,7.14721918,0
154.29735730,39561.12109375,7.14429808,0
154.31779158,39558.07031250,7.14400625,0
154.33822576,39560.87109375,7.14336538,0
154.35866003,39549.48046875,7.14413404,0
154.37909441,39557.25000000,7.14514923,0
154.39952859,39548.73828125,7.14605236,8192
154.41996286,39564.29296875,7.14644003,0
154.44039724,39554.30468750,7.14502048,8192
154.46083151,39556.53125000,7.14534616,0
154.48126569,39553.92578125,7.14512777,0
154.50169996,39548.30468750,7.14387274,8192
154.52213434,39571.77734375,7.14518929,0
154.54256851,39560.52343750,7.14621210,0
154.56300278,39568.41406250,7.14496517,0
154.58343716,39574.23046875,7.14631128,0
154.60387133,39556.32031250,7.14588594,0
154.62430560,39552.58984375,7.14540052,0
154.64473988,39570.30859375,7.14532661,0
154.66517415,39561.50781250,7.14572096,0
154.68560842,39552.31640625,7.14405012,8192
154.70604269,39567.56640625,7.14439011,0
154.72647707,39568.26562500,7.14641857,0
154.74691124,39556.60937500,7.14666033,0
154.76734551,39558.39453125,7.14580441,0
154.78777978,39563.24609375,7.14526606,0
154.80821405,39552.78515625,7.14439058,0
154.82864832,39547.01171875,7.14303493,0
154.84908249,39567.72656250,7.14456463,0
154.86951686,39553.98046875,7.14352179,0
154.88995113,39573.11718750,7.14573908,0
154.91038540,39568.64062500,7.14592695,0
154.93081967,39585.75390625,7.14798307,0
154.95125394,39572.59375000,7.14540720,0
154.97168821,39576.32031250,7.14455986,0
154.99212248,39553.69531250,7.14564133,0
155.01255665,39557.82812500,7.14506435,0
155.03299102,39569.00390625,7.14579582,0
155.05342528,39566.48046875,7.14533138,0
155.07385945,39567.96875000,7.14530373,0
155.09429382,39567.56250000,7.14624357,0
155.11472809,39575.14453125,7.14690447,0
155.13516225,39565.70703125,7.14547873,0
155.15559652,39587.17578125,7.14700603,0
155.17603089,39569.77734375,7.14559364,0
155.19646515,39564.01953125,7.14428329,0
155.21689932,39581.99609375,7.14617920,0
155.23733359,39573.26562500,7.14599085,0
155.25776795,39582.45312500,7.14551115,0
155.29863638,39583.61718750,7.14691114,0
155.31907075,39588.02343750,7.14754295,0
155.33950491,39581.58984375,7.14748001,0
155.35993918,39569.84375000,7.14571047,0
155.38037344,39578.31250000,7.14548492,0
155.40080771,39576.62109375,7.14547443,0
155.42124197,39591.85546875,7.14762020,0
155.44167623,39591.24609375,7.14765358,0
155.46211060,39581.26953125,7.14693880,0
155.48254476,39575.57031250,7.14545345,0
155.50297902,39589.03125000,7.14604855,0
155.52341319,39588.20703125,7.14510155,0
155.54384755,39582.81250000,7.14466953,0
155.58471597,39585.28515625,7.14718390,0
155.60515033,39581.14453125,7.14529562,0
155.62558459,39592.30078125,7.14513588,0
155.64601886,39578.35937500,7.14424181,0
155.66645302,39595.74609375,7.14585733,0
155.68688738,39587.25781250,7.14383411,0
155.70732164,39593.71484375,7.14614916,0
155.72775580,39599.78906250,7.14556646,0
155.74819006,39600.75781250,7.14421082,0
155.76862442,39588.60937500,7.14486599,0
155.78905858,39588.01953125,7.14403152,0
155.80949284,39592.92187500,7.14455175,0
155.82992720,39579.83984375,7.14502048,0
155.85036135,39602.07812500,7.14556932,0
155.87079561,39602.00000000,7.14432096,0
155.89122987,39590.61328125,7.14283133,0
155.91166423,39587.67968750,7.14278030,0
155.93209839,39607.55859375,7.14467096,0
155.95253264,39601.51171875,7.14377165,0
155.97296700,39619.25000000,7.14694881,0
155.99340116,39594.49609375,7.14457560,0
156.01383542,39602.71875000,7.14331579,0
156.03426957,39630.22265625,7.14558363,8192
156.05470393,39606.00781250,7.14383125,0
156.07513818,39610.56640625,7.14438057,0
156.09557244,39616.38671875,7.14571476,0
156.11600670,39599.03125000,7.14397717,0
156.13644095,39606.64062500,7.14407158,0
156.15687521,39587.65625000,7.14172554,0
156.17730936,39602.46875000,7.14348507,0
156.19774372,39608.82421875,7.14566517,0
156.21817797,39609.85546875,7.14456177,0
156.23861212,39611.88281250,7.14479303,0
156.25904638,39617.81640625,7.14521456,0
156.27948073,39610.86328125,7.14365292,0
156.29991489,39626.03125000,7.14629602,0
156.32034914,39595.05859375,7.14172792,0
156.34078349,39606.35937500,7.14425373,0
156.36121764,39632.62500000,7.14552307,0
156.38165190,39605.42968750,7.14498663,0
156.40208615,39612.46093750,7.14415455,0
156.42252050,39620.44921875,7.14353085,0
156.44295465,39610.87109375,7.14217043,0
156.46338890,39612.28906250,7.14221191,0
156.48382325,39610.95312500,7.14391279,0
156.50425741,39614.86718750,7.14390802,0
156.52469166,39614.59375000,7.13957071,0
156.54512591,39616.16406250,7.14059114,0
156.56556016,39617.62890625,7.14421892,0
156.58599441,39610.66015625,7.13986921,0
156.60642866,39619.61718750,7.14269972,0
156.62686291,39595.83593750,7.14289474,0
156.64729716,39615.53125000,7.14126635,0
156.66773140,39615.32421875,7.14016151,0
156.68816565,39622.48437500,7.14172411,0
156.70859990,39620.51171875,7.14504480,0
156.72903415,39619.31640625,7.14294958,0
156.74946840,39627.30859375,7.14298773,0
156.76990255,39609.91406250,7.14446402,0
156.79033689,39614.58593750,7.14383888,0
156.81077114,39622.89062500,7.14289618,0
156.83120539,39627.58593750,7.14267063,0
156.85163963,39646.87109375,7.14064932,0
156.87207388,39623.76953125,7.14346695,0
156.89250813,39617.32421875,7.14360666,0
156.91294227,39620.56640625,7.14493132,0
156.93337662,39622.57031250,7.14406872,0
156.95381087,39630.55468750,7.14508820,0
156.97424501,39821.38281250,7.19226789,2176
156.99467936,39629.12890625,7.14478827,0
157.01511360,39624.18750000,7.14626741,0
157.03554775,39645.45703125,7.14835024,0
157.05598199,39649.82421875,7.14714909,0
157.07641633,39623.39843750,7.14486170,0
157.09685048,39631.59765625,7.14704370,0
157.11728472,39633.99218750,7.14649630,0
157.13771906,39631.44140625,7.14491320,0
157.15815331,39627.44140625,7.14624882,0
157.17858745,39650.84765625,7.14726782,0
157.19902169,39636.35937500,7.14816380,0
157.21945604,39626.97656250,7.14551878,0
157.23989018,39632.18359375,7.14651537,0
157.26032442,39629.48828125,7.14589024,0
157.28075866,39639.92578125,7.14751625,0
157.30119290,39639.07421875,7.14603758,0
157.32162714,39627.85937500,7.14534855,0
157.34206138,39648.43359375,7.14914036,0
157.36249563,39634.74218750,7.14783764,0
157.38292987,39630.43750000,7.14742422,0
157.40336411,39634.98437500,7.14723396,0
157.42379825,39642.75390625,7.14776897,0
157.44423259,39647.02343750,7.14791727,0
157.46466682,39629.16406250,7.14561272,0
157.48510096,39648.18750000,7.14813185,0
157.50553530,39644.14453125,7.14842415,0
157.52596954,39652.17187500,7.14969730,0
157.54640368,39651.36718750,7.14879608,0
157.56683792,39646.09375000,7.14790058,0
157.58727226,39647.91406250,7.14778233,0
157.60770639,39663.30859375,7.14780331,0
157.62814063,39629.98828125,7.14630842,0
157.64857497,39640.10156250,7.14792061,0
157.66900921,39646.26562500,7.14867210,0
157.68944334,39662.27734375,7.14927244,128
157.70987758,39649.97656250,7.14774513,0
157.73031191,39653.14843750,7.14723635,0
157.75074605,39650.36718750,7.14695549,0
157.77118029,39649.55078125,7.14803028,8192
157.79161462,39650.22265625,7.14749384,0
157.81204876,39636.98046875,7.14680719,0
157.83248299,39639.29296875,7.14645529,0
157.85291723,39654.35546875,7.14886189,0
157.87335146,39657.67968750,7.14951372,128
157.89378569,39637.01953125,7.14759684,0
157.91421993,39637.49609375,7.14715815,0
157.93465406,39661.39062500,7.14787674,0
157.95508840,39644.07812500,7.14748240,0
157.97552263,39660.57421875,7.14765120,0
157.99595676,39643.97656250,7.14665556,0
158.01639109,39638.95703125,7.14671516,0
158.03682533,39654.25000000,7.14862251,0
158.05725946,39645.30468750,7.14754725,0
158.07769369,39661.41015625,7.14782333,8192
158.09812802,39645.53515625,7.14648867,0
158.11856225,39657.38671875,7.14666414,0
158.13899639,39657.79687500,7.14706993,0
158.15943072,39657.01953125,7.14644718,0
158.17986495,39639.46875000,7.14417028,0
158.20029908,39648.84375000,7.14708710,0
158.22073331,39653.47265625,7.14541483,0
158.24116764,39652.08203125,7.14762926,0
158.28203600,39642.58203125,7.14485502,0
158.30247033,39650.23046875,7.14632463,0
158.32290456,39656.75390625,7.14592409,0
158.34333868,39659.45703125,7.14739704,0
158.36377291,39668.58984375,7.14869070,0
158.38420724,39675.71484375,7.14751816,0
158.40464147,39655.30468750,7.14654398,0
158.42507560,39666.56250000,7.14727688,0
158.44550982,39670.74218750,7.14717960,0
158.46594415,39657.29687500,7.14710236,0
158.48637828,39647.53515625,7.14830542,0
158.50681251,39654.78125000,7.14882994,0
158.52724683,39662.73437500,7.14798594,0
158.54768096,39669.60546875,7.14812946,0
158.56811518,39659.72265625,7.14745808,0
158.58854941,39710.04296875,7.15372801,128
158.60898363,39667.00390625,7.14906073,0
158.62941786,39647.23828125,7.14736366,0
158.64985208,39668.68359375,7.14885283,0
158.67028641,39657.80468750,7.14721012,0
158.69072053,39646.89843750,7.14692211,0
158.71115476,39647.92187500,7.14677095,0
158.73158888,39653.73046875,7.14793253,0
158.75202321,39649.67578125,7.14742136,0
158.77245743,39668.68750000,7.14852810,0
158.79289165,39649.12109375,7.14693832,0
158.81332588,39647.77343750,7.14683676,0
158.83376010,39661.98828125,7.14747238,0
158.85419432,39648.26562500,7.14670992,0
158.87462844,39655.07812500,7.14773226,0
158.89506276,39651.67187500,7.14634800,0
158.91549699,39650.25390625,7.14617968,0
158.93593111,39644.85156250,7.14473915,0
158.95636543,39663.04687500,7.14779615,128
158.97679965,39647.69921875,7.14604330,0
158.99723377,39632.79687500,7.14607239,0
159.01766799,39637.88281250,7.14653873,0
159.03810231,39653.89062500,7.14695454,0
159.05853643,39639.21093750,7.14488459,0
159.07897065,39644.31640625,7.14582777,0
159.09940487,39636.26171875,7.14639378,0
159.11983919,39637.60937500,7.14641666,0
159.14027331,39650.93750000,7.14679527,0
159.16070753,39635.66796875,7.14420748,0
159.18114185,39643.05859375,7.14421892,0
159.20157596,39636.62109375,7.14533138,0
159.22201018,39647.75000000,7.14602852,0
159.24244430,39639.47656250,7.14443636,0
159.26287862,39633.44140625,7.14510584,0
159.28331283,39629.67578125,7.14448309,0
159.30374705,39629.53906250,7.14445257,0
159.32418127,39623.28906250,7.14466000,0
159.34461548,39621.51953125,7.14043427,0
159.36504970,39630.23828125,7.14535236,0
159.38548382,39630.00000000,7.14458513,0
159.40591813,39634.41796875,7.14307117,0
159.42635235,39622.01953125,7.14033556,0
159.44678646,39629.46875000,7.14043999,0
159.46722078,39628.95703125,7.14041710,0
159.48765499,39639.03515625,7.14558983,0
159.50808911,39619.69921875,7.14483023,0
159.52852332,39622.98437500,7.14065599,0
159.54895763,39617.58593750,7.14059210,0
159.56939175,39621.81250000,7.14043283,0
159.58982596,39604.66015625,7.13751268,0
159.61026017,39616.35156250,7.14018488,0
159.63069449,39621.80859375,7.14464283,0
159.65112860,39623.47656250,7.14303446,0
159.67156281,39621.69531250,7.14030457,0
159.69199712,39604.42578125,7.13885164,0
159.71243123,39627.06640625,7.14050722,0
159.73286545,39608.75000000,7.13951683,0
159.75329966,39609.93359375,7.14099216,128
159.77373387,39598.16796875,7.13913631,0
159.79416808,39603.48828125,7.13833523,0
159.81460229,39602.40234375,7.13771105,0
159.83503650,39615.71875000,7.13872242,0
159.85547071,39605.79687500,7.13742733,0
159.87590492,39598.41406250,7.13644361,0
159.89633903,39604.25000000,7.13743830,0
159.91677334,39595.31640625,7.13797617,0
159.93720755,39593.63671875,7.13518047,0
159.95764176,39607.04687500,7.13664484,0
159.97807596,39589.34765625,7.13673782,0
159.99851017,39598.65625000,7.13755274,0
160.01894438,39591.63281250,7.13756514,0
160.03937859,39600.28515625,7.13736868,8192
160.05981280,39593.44921875,7.13675213,0
160.08024700,39589.48437500,7.13707352,0
160.10068121,39586.51171875,7.13700390,0
160.12111532,39572.56250000,7.13536835,0
160.14154962,39573.95312500,7.13553667,0
160.16198383,39579.55078125,7.13699198,0
160.18241794,39575.75000000,7.13688135,0
160.20285224,39573.41796875,7.13524580,0
160.22328645,39580.72656250,7.13547850,0
160.24372055,39566.68359375,7.13511801,0
160.26415476,39582.19531250,7.13595486,0
160.28458906,39578.40625000,7.13695478,0
160.30502317,39580.41015625,7.13662958,0
160.32545737,39570.23828125,7.13580656,0
160.34589167,39555.27343750,7.13461447,0
160.36632588,39559.39062500,7.13514376,0
160.38675998,39552.03906250,7.13274336,0
160.40719418,39555.08984375,7.13429642,0
160.42762849,39566.87109375,7.13623333,0
160.44806259,39549.18359375,7.13476038,0
160.46849679,39553.44531250,7.13408995,0
160.48893109,39539.19140625,7.13351917,0
160.50936520,39548.34375000,7.13463593,0
160.52979940,39537.69531250,7.13373041,0
160.55023360,39538.93750000,7.13405228,0
160.57066780,39550.75390625,7.13486385,0
160.59110200,39531.49609375,7.13407850,0
160.61153620,39534.64843750,7.13250208,0
160.63197030,39518.72265625,7.13180447,0
160.65240460,39517.40625000,7.13221645,0
160.67283880,39510.49609375,7.13055706,0
160.69327290,39499.31250000,7.13152790,0
160.71370720,39521.85546875,7.13332462,8192
160.73414140,39513.22265625,7.13249350,0
160.75457550,39513.66406250,7.13173389,0
160.77500970,39513.73828125,7.13192940,0
160.79544399,39496.30468750,7.13085127,0
160.81587819,39518.17187500,7.13204288,0
160.83631229,39501.83203125,7.13152027,0
160.85674659,39508.95312500,7.13231277,0
160.87718078,39493.76562500,7.13107395,0
160.89761488,39478.08984375,7.12942553,0
160.91804908,39500.08593750,7.13111210,8192
160.93848337,39483.48046875,7.12944031,0
160.95891747,39482.58203125,7.12958241,0
160.97935167,39488.74609375,7.12969303,0
160.99978596,39479.06250000,7.12981319,0
161.02022006,39481.89843750,7.13055515,0
161.04065425,39470.03125000,7.12901354,0
161.06108845,39480.13671875,7.12930870,0
161.08152264,39460.07812500,7.12819386,8192
161.10195684,39464.48437500,7.12813139,0
161.12239103,39453.15234375,7.12738943,0
161.14282532,39451.51562500,7.12747908,0
161.16325942,39458.91015625,7.12789536,0
161.18369361,39451.07812500,7.12770224,0
161.20412770,39451.00390625,7.12754822,0
161.22456200,39448.14453125,7.12800121,0
161.26543038,39445.46093750,7.12679625,0
161.28586447,39448.63671875,7.12796068,0
161.30629876,39450.47265625,7.12783146,0
161.32673296,39440.69921875,7.12700081,0
161.34716705,39439.30859375,7.12695217,0
161.36760134,39423.14453125,7.12583017,8192
161.38803553,39414.83203125,7.12510824,0
161.40846962,39424.15234375,7.12564087,0
161.42890381,39433.61718750,7.12673712,0
161.44933810,39419.63281250,7.12592936,0
161.46977219,39436.13671875,7.12627888,0
161.49020638,39422.17578125,7.12544012,0
161.51064067,39426.20312500,7.12522840,0
161.53107476,39425.38671875,7.12497759,0
161.55150895,39412.62890625,7.12470913,0
161.57194313,39423.36718750,7.12556458,0
161.59237742,39409.17578125,7.12445450,0
161.61281151,39416.93359375,7.12437391,0
161.63324570,39423.17187500,7.12329054,16
161.65367998,39402.55468750,7.12217379,16
161.67411417,39410.89843750,7.12364864,16
161.69454826,39404.85937500,7.12376833,16
161.71498245,39397.32031250,7.12332010,16
161.73541673,39403.94140625,7.12322044,16
161.75585082,39415.01562500,7.12766171,144
161.77628500,39402.25390625,7.12252855,16
161.79671919,39396.10546875,7.12283134,16
161.81715337,39385.99609375,7.12205172,16
161.83758756,39400.00390625,7.12352228,16
161.85802174,39389.14843750,7.12235689,16
161.87845603,39398.78125000,7.12119007,16
161.89889011,39385.77734375,7.12053919,144
161.91932430,39388.52343750,7.12020206,16
161.93975838,39385.59765625,7.12136364,0
161.96019266,39386.01171875,7.12069082,0
161.98062685,39379.03125000,7.12012100,0
162.00106103,39382.51562500,7.11933565,0
162.02149521,39385.12500000,7.11933231,0
162.04192939,39384.67968750,7.11913824,0
162.06236358,39373.81640625,7.11820221,0
162.08279766,39374.60937500,7.12111187,0
162.10323194,39373.41015625,7.11837292,0
162.12366612,39371.36328125,7.11883879,0
162.14410020,39372.62500000,7.11714840,0
162.16453448,39374.93359375,7.11754036,0
162.18496866,39385.42578125,7.11929798,0
162.20540274,39369.67968750,7.11773586,128
162.22583692,39367.65234375,7.11784172,0
162.24627120,39360.48828125,7.11568499,0
162.26670528,39356.96875000,7.11686707,0
162.28713946,39350.14453125,7.11567640,0
162.30757374,39350.87890625,7.11710024,0
162.32800792,39347.79687500,7.11508131,0
162.34844200,39352.98828125,7.11626244,0
162.36887618,39351.02734375,7.11486816,0
162.38931045,39340.46484375,7.11477566,0
162.40974453,39355.11718750,7.11560059,128
162.43017871,39342.32031250,7.11325407,0
162.45061279,39348.35937500,7.11474752,0
162.47104706,39353.04687500,7.11421776,0
162.49148124,39348.88671875,7.11103058,0
162.51191482,39343.10546875,7.11008072,0
162.53234909,39355.68750000,7.11065817,0
162.55278317,39345.07812500,7.11299229,0
162.57321734,39338.01562500,7.11230230,8192
162.59365152,39325.49218750,7.11096382,0
162.61408579,39339.64062500,7.10830212,0
162.63451987,39340.83593750,7.10888577,16
162.65495404,39348.26562500,7.10870695,16
162.67538832,39347.02343750,7.10948896,16
162.69582239,39333.07421875,7.10976267,16
162.71625656,39335.47265625,7.10796928,16
162.73669074,39332.68359375,7.11156416,16
162.75712491,39356.92187500,7.11267662,16
162.77755908,39343.94531250,7.10985279,16
162.79799326,39342.38281250,7.10696697,16
162.81842743,39357.82421875,7.11175776,16
162.83886160,39346.05859375,7.10942745,16
162.85929577,39353.64453125,7.10949707,16
162.87972984,39337.22656250,7.11121130,16
162.90016412,39339.06250000,7.10586262,8208
162.92059829,39342.35546875,7.10789013,16
162.94103236,39332.57812500,7.10578489,16
162.96146653,39334.87500000,7.10725307,16
162.98190080,39351.34375000,7.10881996,16
163.00233487,39342.03906250,7.10825872,16
163.02276904,39339.65234375,7.10724974,16
163.04320331,39344.41406250,7.10648108,16
163.06363748,39343.96484375,7.10706186,16
163.08407154,39340.18359375,7.11037064,16
163.10450571,39342.94921875,7.11228991,16
163.12493998,39354.58593750,7.11172581,16
163.14537405,39337.89062500,7.10692644,16
163.16580822,39356.03906250,7.10967207,16
163.18624249,39343.49609375,7.10979509,16
163.20667655,39358.15625000,7.11264658,16
163.22711072,39344.10937500,7.10962152,16
163.24754489,39355.76562500,7.10876703,16
163.26797905,39354.40625000,7.10849857,16
163.28841322,39357.74218750,7.10783052,16
163.30884739,39365.17187500,7.10776043,16
163.32928165,39353.84765625,7.10809135,16
163.34971572,39351.16796875,7.10936546,16
163.37014988,39351.76562500,7.11157513,16
163.39058395,39356.34765625,7.10844374,16
163.41101821,39225.94531250,7.10285616,16
163.43145238,39127.83203125,7.09071255,16
163.45188644,39113.78515625,7.09449959,16
163.47232070,39097.33593750,7.08824110,16
163.49275487,39107.49609375,7.09340954,16
163.51318903,39115.15234375,7.09224558,16
163.53362309,39138.51171875,7.09302950,16
163.55405736,39215.74609375,7.09857893,16
163.57449152,39365.48828125,7.10399485,16
163.59492558,39364.80078125,7.10507154,16
163.61535974,39373.49609375,7.10741425,16
163.63579401,39391.05078125,7.10853720,16
163.65622807,39380.30468750,7.10479164,16
163.67666223,39389.41796875,7.10486698,16
163.69709649,39385.03125000,7.10464048,8208
163.71753055,39376.82421875,7.10359955,16
163.73796471,39380.22265625,7.10257006,16
163.75839887,39391.56250000,7.10699177,16
163.77883303,39384.24609375,7.10587215,16
163.79926719,39384.97656250,7.10556650,16
163.81970135,39405.00000000,7.10633278,144
163.84013561,39388.54687500,7.10461855,16
163.86056967,39410.21484375,7.10407209,16
163.88100383,39397.43750000,7.10671520,16
163.90143788,39399.37109375,7.10615969,8208
163.92187214,39406.87500000,7.10513639,16
163.94230630,39421.11718750,7.10685730,16
163.96274046,39409.05468750,7.10655355,16
163.98317461,39409.70312500,7.10786295,16
164.00360877,39399.14453125,7.10569763,8208
164.02404293,39396.07421875,7.10680056,144
164.04447698,39406.32421875,7.10595417,16
164.06491124,39416.31640625,7.11009121,144
164.08534540,39408.50000000,7.10713053,16
164.10577955,39423.82421875,7.10497713,16
164.12621361,39416.26171875,7.10769415,16
164.14664786,39425.06250000,7.10618782,16
164.16708192,39419.58593750,7.10838509,16
164.18751607,39423.69921875,7.11243391,16
164.20795033,39435.15625000,7.11042786,16
164.24881853,39424.26171875,7.11013460,0
164.26925269,39431.33984375,7.10866880,0
164.28968684,39437.41796875,7.11131811,0
164.31012099,39431.34765625,7.11149693,128
164.33055514,39431.75390625,7.11194515,0
164.35098940,39433.35546875,7.11031485,0
164.37142355,39450.31640625,7.11119747,8192
164.39185760,39461.32031250,7.10876560,0
164.41229175,39452.77343750,7.11079502,0
164.43272590,39454.33203125,7.11142349,8192
164.45316005,39442.27734375,7.11143208,0
164.47359421,39461.88671875,7.11058998,0
164.49402846,39458.77734375,7.10987520,0
164.51446251,39460.92578125,7.10897827,0
164.53489666,39464.76171875,7.10747194,0
164.55533081,39436.17187500,7.11177921,0
164.57576496,39464.83203125,7.10933304,128
164.59619910,39462.01953125,7.10742140,0
164.61663325,39465.41406250,7.10805178,0
164.63706730,39479.27343750,7.10835791,0
164.65750155,39481.28125000,7.10939169,0
164.67793570,39459.69140625,7.10799456,0
164.69836985,39486.94140625,7.11005497,0
164.71880399,39484.03125000,7.10847330,0
164.73923814,39483.45312500,7.10834599,0
164.75967229,39479.32812500,7.10497618,0
164.78010633,39477.90625000,7.10561943,0
164.80054058,39474.91015625,7.10801554,0
164.82097473,39489.78125000,7.10708714,0
164.84140877,39488.53906250,7.10597610,0
164.86184302,39493.72265625,7.10843563,0
164.88227716,39491.68359375,7.10786009,0
164.90271121,39483.28515625,7.10541153,0
164.92314535,39492.53515625,7.10819817,0
164.94357960,39490.80468750,7.10411978,0
164.96401364,39501.47265625,7.10570765,0
164.98444779,39502.92187500,7.10789967,0
